~o
<STREAMINFO> 1 4
<VECSIZE> 4<NULLD><MFCC><DIAGC>
~h "hmm"
<BEGINHMM>
<NUMSTATES> 5
<STATE> 2
<MEAN> 4
 -2.461561e+001 1.939689e+000 -9.052256e+000 -2.913658e+000
<VARIANCE> 4
 2.145251e+001 1.931405e+001 9.539936e+000 8.924312e+000
<GCONST> 1.782245e+001
<STATE> 3
<MEAN> 4
 -2.462819e+001 -7.677466e+000 -1.228089e+000 -1.200005e-001
<VARIANCE> 4
 3.111881e+001 6.025864e+001 2.839434e+001 3.566288e+001
<GCONST> 2.180827e+001
<STATE> 4
<MEAN> 4
 -6.749774e+000 -1.104792e+000 -1.113209e+000 3.011939e+000
<VARIANCE> 4
 5.698158e+001 4.672517e+001 5.503509e+001 2.679304e+001
<GCONST> 2.253463e+001
<TRANSP> 5
 0.000000e+000 6.060606e-001 3.939394e-001 0.000000e+000 0.000000e+000
 0.000000e+000 6.363636e-001 2.545455e-001 1.090909e-001 0.000000e+000
 0.000000e+000 0.000000e+000 6.625000e-001 3.375000e-001 0.000000e+000
 0.000000e+000 0.000000e+000 0.000000e+000 4.406780e-001 5.593221e-001
 0.000000e+000 0.000000e+000 0.000000e+000 0.000000e+000 0.000000e+000
<ENDHMM>
